11619 179 3054 3896 10347 179 2613 403 1 203 19 1 2003 25 6 192|14526 179 2613 403 1 179 2613 2555 1 21 22 40 6 657 7
14526 179 2613 403 1 179 2613 2555 1 21 22 40 6 657 7|21246 179 2613 2555 19132 179 2613 2683 23342 1 88 104 225 7
21246 179 2613 2555 19132 179 2613 2683 23342 1 88 104 225 7|18958 179 2613 2683 21105 179 2613 2681 1 1597 1255 10 2108
4252 179 2613 2595 1 179 2613 2765 16325 399 1 1|1 179 2613 899 22919 179 2613 1556 8839 1454 12
20671 179 2613 902 20897 179 2613 1525 18795 5 101 55 9 46|23876 179 2613 1525 17789 179 2613 1437 23403 60
24613 179 2613 1981 1 179 2613 659 20509 44 24 165 7|22136 179 2613 1839 20573 179 2613 1471 13813 5 195 114 17280 16 5 15 27 1 322 87 6 617
19567 179 2613 2661 19225 179 2613 2323 20144 53 1 19 26 8006 44 4 165|1 179 2613 2323 20192 179 2613 2650 22070 23 107 10 545 1576 6701 19014 179 2613 2650 6940 179 2613 2766 4252 1 487
1 179 2613 2323 20192 179 2613 2650 22070 23 107 10 545 1576 6701 19014 179 2613 2650 6940 179 2613 2766 4252 1 487|24344 179 2613 2766 23403 179 2613 2871 22520 5174
24344 179 2613 2766 23403 179 2613 2871 22520 5174|24847 179 2613 2871 18860 179 2613 3054 24004 21 22 28 201 7
20144 179 2613 2999 9776 179 2613 3198 22030 434 14348 694 7|1 179 2613 3273 24847 179 2613 3313 17592 9 1 196 100 17280 20 9541 7
1 179 2613 3273 24847 179 2613 3313 17592 9 1 196 100 17280 20 9541 7|1 179 2573 2681 21618 179 2573 2765 22361 45 4
4 56 4 30 124 175 20|8731 179 2573 2765 16073 179 2573 1041 14295 5 31 37 4 33 4146
8731 179 2573 2765 16073 179 2573 1041 14295 5 31 37 4 33 4146|24569 179 2573 1041 20880 179 2573 1556 19832 31 37 29 1
24569 179 2573 1041 20880 179 2573 1556 19832 31 37 29 1|24323 179 2573 1446 1 179 2573 1550 17138 60
24323 179 2573 1446 1 179 2573 1550 17138 60|1 179 2573 1550 13580 179 2573 1981 11582 93 26 9 6 522 254 7
1 179 2573 1550 13580 179 2573 1981 11582 93 26 9 6 522 254 7|24827 179 2573 1219 21857 179 2573 2247 20402 246 7
24827 179 2573 1219 21857 179 2573 2247 20402 246 7|1 179 2573 2247 7215 179 2573 2474 1 15370 18 73 6 667 707 7
1 179 2573 2247 7215 179 2573 2474 1 15370 18 73 6 667 707 7|1 179 2573 652 20144 179 2573 2661 1 1 20 76 5 12043 1038
1 179 2573 652 20144 179 2573 2661 1 1 20 76 5 12043 1038|24828 179 2573 2661 21288 179 2573 2323 24706 2313 1 8672 6 1105 7
31 37 310 12 124|1 179 2573 2323 23095 179 2573 2650 9357 8634
1 179 2573 2323 23095 179 2573 2650 9357 8634|73 9 50 9 203 21688 179 2573 2650 21618 179 2573 2766 17952 15 90 3956 9 6 532 7
73 9 50 9 203 21688 179 2573 2650 21618 179 2573 2766 17952 15 90 3956 9 6 532 7|5 44 37 157 50 9 6 7886
5 44 37 157 50 9 6 7886|16073 179 2573 2871 20944 179 2573 1672 21499 60
16073 179 2573 2871 20944 179 2573 1672 21499 60|22070 179 2573 2613 4750 179 2573 866 10435 1 4 1
22070 179 2573 2613 4750 179 2573 866 10435 1 4 1|22278 179 2573 866 20569 179 2573 2999 24105 260 12
22278 179 2573 866 20569 179 2573 2999 24105 260 12|93 20 53 4 1931 4
93 20 53 4 1931 4|1 179 2573 2999 21284 179 2573 3273 9134 6364
1 179 2573 3313 18204 179 2573 3727 24791 24 30 9 408|24029 179 2573 3251 16770 179 2573 3896 18912 4 195 9 50 9 6 670 27 539
24029 179 2573 3251 16770 179 2573 3896 18912 4 195 9 50 9 6 670 27 539|22730 179 2573 3896 19832 179 3449 179 1 53 4 31 37 1 7471 16235 179 3449 179 1 179 3449 2683 21550 1 29 595 9 29 91
22730 179 2573 3896 19832 179 3449 179 1 53 4 31 37 1 7471 16235 179 3449 179 1 179 3449 2683 21550 1 29 595 9 29 91|21284 179 3449 2683 22850 179 3449 2686 22803 19 501
23375 179 3449 2686 19660 179 3449 2765 22435 9 644 116 113 6 169 15 5 81 9 401 7|10137 179 3449 2765 20874 179 3449 1041 18886 38 24 180 68 12 8634
10137 179 3449 2765 20874 179 3449 1041 18886 38 24 180 68 12 8634|1 179 3449 1041 18946 179 3449 1556 1 4 195 9 1 252 18 238
1 179 3449 1041 18946 179 3449 1556 1 4 195 9 1 252 18 238|24535 179 3449 1556 22759 179 3449 1525 21154 6 10622 69 6074 53 23 4 1190
24535 179 3449 1556 22759 179 3449 1525 21154 6 10622 69 6074 53 23 4 1190|22902 179 3449 1737 18436 179 3449 1940 17676 131 4
22902 179 3449 1737 18436 179 3449 1940 17676 131 4|1 179 3449 652 1 179 3449 2440 19823 190 874 12 22 9 75
1 179 3449 652 1 179 3449 2440 19823 190 874 12 22 9 75|24004 179 3449 2433 1 179 3449 2661 20374 2821 425 899 2768 15 10 275 18 4631
24004 179 3449 2433 1 179 3449 2661 20374 2821 425 899 2768 15 10 275 18 4631|22014 179 3449 2849 24726 179 3449 2609 19211 5 791 6 316
11573 179 3449 2609 22657 179 3449 2766 1 16 4 278 76 113 1 1099|24726 179 3449 2766 16450 179 3449 2708 1 5 41 58 920
1 179 3449 2871 19198 179 3449 3081 17220 5 170 1402 77|14140 179 3449 3054 10347 179 3449 2573 24450 44 1 40 2821 7
1 179 3449 2573 22679 179 3449 866 1 1 19 12 25 6 2564|22805 179 3449 866 13813 179 3449 3273 24812 5 30 128 9 95 25 1
22805 179 3449 866 13813 179 3449 3273 24812 5 30 128 9 95 25 1|21 56 40 6 1 179 3449 3273 22992 179 3449 3313 12670 1 212
21 56 40 6 1 179 3449 3273 22992 179 3449 3313 12670 1 212|26 22 128 533 2821 15 20
26 22 128 533 2821 15 20|1 179 3449 3279 15348 179 3449 3896 16765 60
1 179 3449 3896 23620 179 866 403 18428 4657 22 10 195|1 179 866 403 20897 179 866 2555 21448 347 9 161 22291 16 11 36
1 179 866 403 20897 179 866 2555 21448 347 9 161 22291 16 11 36|23095 179 866 2548 19916 179 866 2595 21020 366 19 6 349
59 33 83 11 54|1 179 866 1556 17731 179 866 902 1 73 118 10 552 438 61 9 6 617 7
1 179 866 1556 17731 179 866 902 1 73 118 10 552 438 61 9 6 617 7|24756 179 866 902 18242 179 866 1550 19099 26 22 2227
24756 179 866 902 18242 179 866 1550 19099 26 22 2227|22 37 12 61 2355 11372 179 866 1550 15567 179 866 1981 22356 33 6 617 874
19638 179 866 1839 19923 179 866 1940 1 58 21 7|56 4 1 422 18 48 7
56 4 1 422 18 48 7|1 179 866 1471 1 179 866 1219 21343 35
1 179 866 1471 1 179 866 1219 21343 35|286 5 30 423 98 45 7
286 5 30 423 98 45 7|1 179 866 1219 20902 179 866 2243 1 1375 1105 20 5 31 37 195 26
1 179 866 1219 20902 179 866 2243 1 1375 1105 20 5 31 37 195 26|1 179 866 2661 19956 179 866 2323 11347 75 26 22 37 664 19 2076 197
1 179 866 2661 19956 179 866 2323 11347 75 26 22 37 664 19 2076 197|1 179 866 2323 16621 179 866 2650 16770 31 37 310 4146
24211 179 866 2650 15889 179 866 2766 19135 15 89 33 6 617|1 179 866 2766 21899 179 866 2871 24736 26 22 6 401 4796
23342 179 866 2871 14233 179 866 1672 22733 85 4 46 16 5368 4146 7|20066 179 866 1672 22112 179 866 2573 23455 35
20066 179 866 1672 22112 179 866 2573 23455 35|5 145 5 46 16 22 19 6848
5 145 5 46 16 22 19 6848|16 11 79 5 7034 4 9 165 20
16 11 79 5 7034 4 9 165 20|23279 179 866 2573 22736 179 866 2999 12525 60
23279 179 866 2573 22736 179 866 2999 12525 60|22646 179 866 2999 18875 179 866 3412 24847 15 21 22 40 21 6 2619 1510 7
22646 179 866 2999 18875 179 866 3412 24847 15 21 22 40 21 6 2619 1510 7|1 179 866 3412 1 179 866 3727 17398 1 5 149 40 48 19 2581 10 1 7
1 179 866 3412 1 179 866 3727 17398 1 5 149 40 48 19 2581 10 1 7|24702 179 866 3727 1 179 866 3896 14306 3254 86 4256 1 46
24702 179 866 3727 1 179 866 3896 14306 3254 86 4256 1 46|24703 179 866 3896 24110 179 2999 403 24560 190 2821
21410 179 2999 2548 22788 179 2999 2595 18866 2821 5 41 170 160 25 21 5 1198 6 670|15247 179 2999 2595 21209 179 2999 537 8146 65 65 874
15247 179 2999 2595 21209 179 2999 537 8146 65 65 874|24960 179 3198 2469 24450 179 3198 2683 14295 190 59 146
22645 179 3198 2681 17595 179 3198 2765 1 342 187 20 6 184 169 6 195 9 332 26|10466 179 3198 2765 18177 179 3198 1041 22759 23609 9
10466 179 3198 2765 18177 179 3198 1041 22759 23609 9|1 179 3198 1556 17345 179 3198 902 19282 24 43 18 6 1073
1 179 3198 1556 17345 179 3198 902 19282 24 43 18 6 1073|22282 179 3198 1525 22664 179 3198 1981 17925 76 9 28 1 5853 1 7
22282 179 3198 1525 22664 179 3198 1981 17925 76 9 28 1 5853 1 7|22922 179 3198 1981 23467 179 3198 1737 11573 19 505 25 100 4082 9 427 400 1
22922 179 3198 1981 23467 179 3198 1737 11573 19 505 25 100 4082 9 427 400 1|1 179 3198 1737 1 179 3198 1471 20514 170 7
1 179 3198 1471 1 179 3198 2247 17789 26 22 9053|21288 179 3198 2243 9593 179 3198 2440 1 5 118 37
21288 179 3198 2243 9593 179 3198 2440 1 5 118 37|4 46 9 29 40 88 5714
4 46 9 29 40 88 5714|10646 179 3198 2440 20665 179 3198 2661 21499 5 1402 1
24803 179 3198 2323 22857 179 3198 2609 21770 1 7|24304 179 3198 2609 24105 179 3198 1164 14971 1 159
24304 179 3198 2609 24105 179 3198 1164 14971 1 159|19823 179 3198 1164 17595 179 3198 2766 19181 204 2821
24825 179 3198 2766 1 179 3198 3081 19788 86 22 12 7|24527 179 3198 3054 22646 179 3198 2573 22733 43 4 60 7
24527 179 3198 3054 22646 179 3198 2573 22733 43 4 60 7|1 179 3198 3896 19739 179 3273 403 1 21 43 4 210 7
1 179 3198 3896 19739 179 3273 403 1 21 43 4 210 7|1 179 3273 403 17731 179 3273 2683 17685 31 4 46 73 5 219 89 5 278 16 41 37 19 6 263 7
1 179 3273 403 17731 179 3273 2683 17685 31 4 46 73 5 219 89 5 278 16 41 37 19 6 263 7|1 179 3273 2683 19244 179 3273 2686 19762 92 31 4 56 7
1 179 3273 2683 19244 179 3273 2686 19762 92 31 4 56 7|1 179 3273 2686 22444 179 3273 2595 22664 15 16 85 37 197 1 9 20
1 179 3273 2686 22444 179 3273 2595 22664 15 16 85 37 197 1 9 20|18325 179 3273 1041 23302 179 3273 899 10904 5 41 40 2786
18325 179 3273 1041 23302 179 3273 899 10904 5 41 40 2786|24276 179 3273 899 21154 179 3273 1556 24583 9 540 19 6 217 7
24276 179 3273 899 21154 179 3273 1556 24583 9 540 19 6 217 7|1 179 3273 1446 1 179 3273 902 17287 43 4 442 7
1 179 3273 1446 1 179 3273 902 17287 43 4 442 7|6940 179 3273 902 20981 179 3273 1550 23989 160 1 38
23403 179 3273 1981 20509 179 3273 1839 1 1 2385 1 270 192 86 28 212|18351 179 3273 1839 18335 179 3273 1471 23024 1 9 1012
18351 179 3273 1839 18335 179 3273 1471 23024 1 9 1012|1 179 3273 1219 1 179 3273 2247 9043 4 80 9 1 179 3273 2247 23765 179 3273 2474 21233 86 41 6 1
1 179 3273 1219 1 179 3273 2247 9043 4 80 9 1 179 3273 2247 23765 179 3273 2474 21233 86 41 6 1|22951 179 3273 2474 20687 179 3273 2440 22112 15 21 10908 176 153 30 33 28 192
22951 179 3273 2474 20687 179 3273 2440 22112 15 21 10908 176 153 30 33 28 192|23846 179 3273 2440 1 179 3273 2849 24791 4 195 9 29 9690 158 5 1 9 1952
23846 179 3273 2440 1 179 3273 2849 24791 4 195 9 29 9690 158 5 1 9 1952|24583 179 3273 1966 1 179 3273 2579 16073 5 69 37 9 1239 409
24583 179 3273 1966 1 179 3273 2579 16073 5 69 37 9 1239 409|1 179 3273 2579 14405 179 3273 2650 22224 5 69 37 1 27 163 62 26 98
1 179 3273 2579 14405 179 3273 2650 22224 5 69 37 1 27 163 62 26 98|20980 179 3273 2650 24477 179 3273 2708 1 38 19 10 1622 98
22127 179 3273 3054 21220 179 3273 2613 22290 9536 5 108 342 269 24361 179 3273 2613 23200 179 3273 3449 9357 31 37 5174 92 35 1768|23870 179 3273 2999 20610 179 3273 3198 1 1 22 37 21 1
23870 179 3273 2999 20610 179 3273 3198 1 1 22 37 21 1|23869 179 3273 3273 1 179 3273 3313 22679 5 278 1 38 5629 154 5 234 9 95 6 270
23869 179 3273 3273 1 179 3273 3313 22679 5 278 1 38 5629 154 5 234 9 95 6 270|18483 179 3273 3313 17863 179 3273 3279 15302 6 322 1871 120 341 14233 179 3273 3279 17507 179 3273 3896 21394 19 26 232
18483 179 3273 3313 17863 179 3273 3279 15302 6 322 1871 120 341 14233 179 3273 3279 17507 179 3273 3896 21394 19 26 232|19872 179 3273 3896 16406 179 3412 403 1 1 22 1053 1 179 3412 403 20372 179 3412 2555 20687 15 53 1 48 216 37 165
19872 179 3273 3896 16406 179 3412 403 1 1 22 1053 1 179 3412 403 20372 179 3412 2555 20687 15 53 1 48 216 37 165|10304 179 3412 2555 13258 179 3412 2548 19282 399 4 31 37 571 38 68 20
10304 179 3412 2555 13258 179 3412 2548 19282 399 4 31 37 571 38 68 20|20352 179 3412 2548 19878 179 3412 2681 16020 31 4 20 9 20 1072
21739 179 3412 1446 21487 179 3412 1525 14140 15 199 1396 89 23 607 40 6|22792 179 3412 1525 24295 179 3412 1981 1 5163 342 4 1
22792 179 3412 1525 24295 179 3412 1981 1 5163 342 4 1|11129 179 3412 1981 1 179 3412 1839 19762
11129 179 3412 1981 1 179 3412 1839 19762|160 392 38 25 20 22 37 10252
